0,0,0,0,0,1
-0.137955,-0.0271759,0,0,-0.00100509,0.999999
-0.142563,-0.0286255,0,0,-0.00150266,0.999999
-0.141693,-0.0266113,0,0,-0.000806006,1
-0.133652,-0.0343323,0,0,-0.00188843,0.999998
-0.133453,-0.0340424,0,0,-0.00200144,0.999998
-0.134491,-0.0295715,0,0,-0.00246659,0.999997
-0.138687,-0.0396118,0,0,-0.0029234,0.999996
-0.139694,-0.0352173,0,0,-0.0019578,0.999998
-0.13649,-0.0334473,0,0,-0.00141469,0.999999
-0.144012,-0.0313873,0,0,-0.000797661,1
-0.136597,-0.0356293,0,0,-0.00240937,0.999997
-0.1427,-0.0413513,0,0,-0.00224295,0.999997
-0.140121,-0.0292664,0,0,-0.00109568,0.999999
-0.14212,-0.033844,0,0,-0.00165454,0.999999
-0.137299,-0.0335999,0,0,-0.00209418,0.999998
-0.138901,-0.036911,0,0,-0.0021793,0.999998
-0.135986,-0.0301666,0,0,-0.00121275,0.999999
-0.14212,-0.0296021,0,0,-0.000889452,1
-0.135361,-0.0345001,0,0,-0.00256553,0.999997
-0.13945,-0.0383301,0,0,-0.0025076,0.999997
-0.141037,-0.0364532,0,0,-0.00148979,0.999999
-0.132263,-0.0373383,0,0,-0.00284949,0.999996
-0.141708,-0.0271759,0,0,-0.00178138,0.999998
-0.140503,-0.033844,0,0,-0.00145164,0.999999
-0.144928,-0.0330353,0,0,-0.00128046,0.999999
-0.139679,-0.0286102,0,0,-0.00120679,0.999999
-0.138962,-0.0384979,0,0,-0.00232688,0.999997
-0.13739,-0.0352631,0,0,-0.00231829,0.999997
-0.136246,-0.0348053,0,0,-0.00310197,0.999995
-0.144058,-0.0362854,0,0,-0.0022966,0.999997
-0.138626,-0.0363007,0,0,-0.00340381,0.999994
-0.137726,-0.0340424,0,0,-0.00225011,0.999997
-0.143326,-0.032608,0,0,-0.00161162,0.999999
-0.140747,-0.0422974,0,0,-0.00288883,0.999996
-0.130753,-0.0391693,0,0,-0.0025908,0.999997
-0.135178,-0.0430603,0,0,-0.00252786,0.999997
-0.137558,-0.0330811,0,0,-0.00211468,0.999998
-0.141953,-0.0383148,0,0,-0.00104681,0.999999
-0.139221,-0.0301666,0,0,-0.00221506,0.999998
-0.138977,-0.0330963,0,0,-0.00140372,0.999999
-0.139114,-0.0340118,0,0,-0.00164428,0.999999
-0.144562,-0.0380859,0,0,-0.00254837,0.999997
-0.137451,-0.0390778,0,0,-0.00306692,0.999995
-0.143295,-0.029068,0,0,-0.00107852,0.999999
-0.13089,-0.0345001,0,0,-0.00257865,0.999997
-0.131744,-0.0396423,0,0,-0.00274363,0.999996
-0.130447,-0.0285645,0,0,-0.00234285,0.999997
-0.12468,-0.0322266,0,0,-0.00127283,0.999999
-0.117279,-0.0424805,0,0,-0.00223008,0.999998
-0.0935822,-0.0322876,0,0,-0.00208417,0.999998
-0.0865173,-0.0440216,0,0,-0.00189582,0.999998
-0.0352173,-0.0392151,0,0,-0.00231543,0.999997
-0.0101318,-0.039032,0,0,-0.00178304,0.999998
0.0171356,-0.0388336,0,0,-0.00181523,0.999998
0.0589447,-0.0471039,0,0,-0.00175968,0.999998
0.0957947,-0.0373688,0,0,-0.000713022,1
0.154007,-0.0467834,0,0,-0.00163069,0.999999
0.208435,-0.0428009,0,0,-0.00163093,0.999999
0.248627,-0.0563202,0,0,-0.00200263,0.999998
0.310516,-0.0882568,0,0,0.000959167,1
0.372314,-0.0919342,0,0,0.000861444,1
0.42453,-0.0931549,0,0,0.000612211,1
0.501862,-0.0881958,0,0,-0.000404032,1
0.563141,-0.128387,0,0,-0.000636013,1
0.648071,-0.128708,0,0,-0.00040284,1
0.72757,-0.119034,0,0,-0.000623139,1
0.810699,-0.131119,0,0,-0.00106421,0.999999
0.883575,-0.137665,0,0,0.00107653,0.999999
0.980148,-0.133911,0,0,0.0016507,0.999999
1.07733,-0.148224,0,0,0.0022012,0.999998
1.1871,-0.157944,0,0,0.00322071,0.999995
1.2832,-0.15596,0,0,0.00316216,0.999995
1.39015,-0.156815,0,0,0.00403656,0.999992
1.47659,-0.137955,0,0,0.00510379,0.999987
1.58014,-0.142624,0,0,0.00428721,0.999991
1.69022,-0.135101,0,0,0.00435773,0.999991
1.79346,-0.13356,0,0,0.0046923,0.999989
1.91078,-0.136749,0,0,0.00631337,0.99998
2.02254,-0.135254,0,0,0.00579399,0.999983
2.14851,-0.144363,0,0,0.00699632,0.999976
2.25316,-0.144241,0,0,0.00548402,0.999985
2.36507,-0.171997,0,0,0.00521948,0.999986
2.48941,-0.169189,0,0,0.00648195,0.999979
2.60023,-0.167908,0,0,0.00497388,0.999988
2.71376,-0.170471,0,0,0.00499606,0.999988
2.81726,-0.164474,0,0,0.00581386,0.999983
2.9402,-0.176224,0,0,0.00543822,0.999985
3.07567,-0.189087,0,0,0.0051896,0.999987
3.19766,-0.166931,0,0,0.00528027,0.999986
3.30948,-0.19165,0,0,0.00554439,0.999985
3.43953,-0.188171,0,0,0.0055776,0.999984
3.56163,-0.209869,0,0,0.00665402,0.999978
3.66692,-0.193756,0,0,0.00630033,0.99998
3.78435,-0.18187,0,0,0.0078738,0.999969
3.90822,-0.17897,0,0,0.00746153,0.999972
4.01213,-0.157349,0,0,0.00627095,0.99998
4.13326,-0.183014,0,0,0.00736091,0.999973
4.24796,-0.157654,0,0,0.00919095,0.999958
4.36345,-0.172058,0,0,0.00838306,0.999965
4.48814,-0.157043,0,0,0.00923147,0.999957
4.61218,-0.158768,0,0,0.00832858,0.999965
4.73479,-0.178604,0,0,0.00935652,0.999956
4.85341,-0.175095,0,0,0.0080134,0.999968
4.97279,-0.195923,0,0,0.00906871,0.999959
5.09576,-0.181671,0,0,0.00764831,0.999971
5.19746,-0.187134,0,0,0.0087181,0.999962
5.32208,-0.20105,0,0,0.00853941,0.999964
5.43019,-0.188004,0,0,0.00726878,0.999974
5.53317,-0.182724,0,0,0.00664492,0.999978
5.65939,-0.189102,0,0,0.00478283,0.999989
5.77531,-0.201111,0,0,0.00638277,0.99998
5.89818,-0.213562,0,0,0.0035879,0.999994
6.00815,-0.217865,0,0,0.00162103,0.999999
6.12207,-0.217499,0,0,-0.00109592,0.999999
6.25381,-0.231186,0,0,-0.00347009,0.999994
6.38538,-0.221283,0,0,-0.00602638,0.999982
6.51807,-0.268784,0,0,-0.00946094,0.999955
6.64444,-0.277222,0,0,-0.013611,0.999907
6.7699,-0.281006,0,0,-0.0171261,0.999853
6.92804,-0.289124,0,0,-0.0224056,0.999749
7.0611,-0.299332,0,0,-0.0287404,0.999587
7.22543,-0.344513,0,0,-0.0324318,0.999474
7.37924,-0.403564,0,0,-0.0374882,0.999297
7.51535,-0.425705,0,0,-0.0447097,0.999
7.66321,-0.47171,0,0,-0.0502098,0.998739
7.80161,-0.486649,0,0,-0.0572867,0.998358
7.94528,-0.509903,0,0,-0.0636259,0.997974
8.07782,-0.554886,0,0,-0.0716581,0.997429
8.22455,-0.607956,0,0,-0.0781679,0.99694
8.35733,-0.657837,0,0,-0.0865939,0.996244
8.48813,-0.700928,0,0,-0.0915556,0.9958
8.60977,-0.726929,0,0,-0.10149,0.994837
8.75015,-0.783707,0,0,-0.11051,0.993875
8.87262,-0.839096,0,0,-0.118111,0.993
8.99011,-0.877792,0,0,-0.128007,0.991773
9.11066,-0.962601,0,0,-0.136932,0.990581
9.21173,-1.04158,0,0,-0.147506,0.989061
9.35266,-1.05002,0,0,-0.156053,0.987749
9.48816,-1.14957,0,0,-0.167287,0.985908
9.59811,-1.20564,0,0,-0.177648,0.984094
9.69443,-1.3157,0,0,-0.188794,0.982017
9.81192,-1.37901,0,0,-0.197618,0.980279
9.89542,-1.47083,0,0,-0.208375,0.978049
10.0093,-1.58934,0,0,-0.216777,0.976221
10.1049,-1.63535,0,0,-0.225839,0.974165
10.2107,-1.69939,0,0,-0.235906,0.971776
10.3125,-1.83759,0,0,-0.244975,0.96953
10.3947,-1.91356,0,0,-0.255436,0.966826
10.51,-2.01607,0,0,-0.262378,0.964965
10.5785,-2.0744,0,0,-0.271753,0.962367
10.6625,-2.15834,0,0,-0.28016,0.959953
10.7393,-2.22922,0,0,-0.29082,0.956778
10.826,-2.31345,0,0,-0.29901,0.95425
10.8991,-2.38815,0,0,-0.305369,0.952234
10.9629,-2.46317,0,0,-0.313336,0.949642
11.0298,-2.54311,0,0,-0.319783,0.947491
11.0843,-2.61417,0,0,-0.329727,0.944076
11.1472,-2.70973,0,0,-0.337722,0.941246
11.2082,-2.76364,0,0,-0.345785,0.938314
11.2773,-2.84375,0,0,-0.352146,0.935945
11.3345,-2.91792,0,0,-0.361126,0.932517
11.3817,-3.02715,0,0,-0.369556,0.929208
11.4651,-3.09097,0,0,-0.376196,0.92654
11.5189,-3.20329,0,0,-0.384335,0.923194
11.5638,-3.27303,0,0,-0.393001,0.919538
11.6091,-3.3725,0,0,-0.400968,0.916092
11.6764,-3.46394,0,0,-0.407428,0.913237
11.7193,-3.55582,0,0,-0.415454,0.909614
11.762,-3.68361,0,0,-0.425248,0.905077
11.812,-3.76434,0,0,-0.43301,0.901389
11.8751,-3.86024,0,0,-0.440013,0.897991
11.9117,-3.93503,0,0,-0.447002,0.894533
11.9704,-4.05734,0,0,-0.454991,0.890496
12.015,-4.15979,0,0,-0.462574,0.886581
12.0883,-4.29637,0,0,-0.470025,0.882653
12.1372,-4.43056,0,0,-0.47722,0.878784
12.1941,-4.55338,0,0,-0.482645,0.875816
12.2244,-4.65247,0,0,-0.490657,0.871353
12.253,-4.77705,0,0,-0.498757,0.866742
12.2908,-4.88748,0,0,-0.50562,0.862756
12.3192,-5.00771,0,0,-0.512721,0.858555
12.3451,-5.10626,0,0,-0.519947,0.854199
12.3648,-5.20261,0,0,-0.526894,0.849931
12.3982,-5.35512,0,0,-0.534539,0.845144
12.4203,-5.4369,0,0,-0.541793,0.840512
12.4509,-5.50293,0,0,-0.547712,0.836667
12.4663,-5.62094,0,0,-0.554611,0.83211
12.4773,-5.69095,0,0,-0.561795,0.827276
12.5071,-5.82814,0,0,-0.567859,0.823126
12.5315,-5.94974,0,0,-0.573845,0.818964
12.5509,-6.05104,0,0,-0.580139,0.814517
12.5499,-6.1293,0,0,-0.586277,0.810111
12.5775,-6.20819,0,0,-0.592036,0.805912
12.5755,-6.26825,0,0,-0.596934,0.80229
12.5792,-6.39304,0,0,-0.601662,0.798751
12.5909,-6.50371,0,0,-0.606344,0.795202
12.6059,-6.5477,0,0,-0.608878,0.793264
12.6074,-6.63483,0,0,-0.614034,0.789279
12.6223,-6.70703,0,0,-0.616939,0.787011
12.6204,-6.75494,0,0,-0.62095,0.78385
12.6315,-6.79752,0,0,-0.624157,0.781299
12.636,-6.92206,0,0,-0.627144,0.778903
12.6403,-7.01498,0,0,-0.630659,0.77606
12.6406,-7.09241,0,0,-0.633791,0.773504
12.6512,-7.15918,0,0,-0.637639,0.770335
12.6451,-7.22946,0,0,-0.641582,0.767055
12.6696,-7.30557,0,0,-0.643819,0.765178
12.6664,-7.40742,0,0,-0.647035,0.76246
12.6656,-7.45337,0,0,-0.650255,0.759716
12.6597,-7.53867,0,0,-0.652972,0.757382
12.6609,-7.63919,0,0,-0.65588,0.754865
12.6548,-7.74226,0,0,-0.659608,0.751609
12.6809,-7.87694,0,0,-0.66082,0.750544
12.6936,-8.00098,0,0,-0.662141,0.749379
12.6832,-8.11548,0,0,-0.665681,0.746236
12.6873,-8.2383,0,0,-0.667533,0.74458
12.6879,-8.3367,0,0,-0.669371,0.742929
12.6847,-8.46169,0,0,-0.670694,0.741734
12.6797,-8.58598,0,0,-0.671733,0.740794
12.695,-8.73848,0,0,-0.671892,0.740649
12.6669,-8.80753,0,0,-0.673413,0.739267
12.686,-8.96606,0,0,-0.673356,0.739318
12.7118,-9.07304,0,0,-0.672308,0.740271
12.7169,-9.25322,0,0,-0.672086,0.740473
12.7497,-9.41499,0,0,-0.671079,0.741386
12.7455,-9.52843,0,0,-0.669151,0.743127
12.7629,-9.63748,0,0,-0.666386,0.745607
12.8058,-9.81203,0,0,-0.663146,0.74849
12.835,-9.98106,0,0,-0.659204,0.751964
12.8758,-10.1478,0,0,-0.655146,0.755502
12.887,-10.286,0,0,-0.651055,0.759031
12.936,-10.4179,0,0,-0.645834,0.763478
12.9684,-10.5919,0,0,-0.640147,0.768252
13.008,-10.7635,0,0,-0.634417,0.772991
13.0812,-10.9086,0,0,-0.625972,0.779846
13.1202,-11.0231,0,0,-0.619005,0.785387
13.1681,-11.1536,0,0,-0.610383,0.792106
13.2184,-11.3271,0,0,-0.60305,0.797703
13.3037,-11.4571,0,0,-0.594337,0.804216
13.3659,-11.6011,0,0,-0.585645,0.810568
13.4582,-11.7644,0,0,-0.575086,0.818093
13.5464,-11.9224,0,0,-0.563856,0.825873
13.6594,-12.0771,0,0,-0.55064,0.834743
13.7259,-12.1533,0,0,-0.542338,0.84016
13.8176,-12.2925,0,0,-0.529796,0.848125
13.9219,-12.441,0,0,-0.519422,0.854518
13.982,-12.4934,0,0,-0.507104,0.861885
14.1133,-12.6238,0,0,-0.496887,0.867815
14.1983,-12.7476,0,0,-0.484819,0.874615
14.3076,-12.8199,0,0,-0.473072,0.881024
14.4311,-12.9419,0,0,-0.458523,0.888682
14.5322,-13.0243,0,0,-0.444717,0.895671
14.6478,-13.0974,0,0,-0.432208,0.901774
14.799,-13.2215,0,0,-0.417282,0.908777
14.9533,-13.3101,0,0,-0.403027,0.915188
15.075,-13.3926,0,0,-0.388467,0.921463
15.1721,-13.4517,0,0,-0.373977,0.927438
15.3527,-13.5361,0,0,-0.357066,0.934079
15.4966,-13.5938,0,0,-0.342991,0.939339
15.6204,-13.6681,0,0,-0.327689,0.944785
15.7809,-13.7402,0,0,-0.311691,0.950183
15.9529,-13.8057,0,0,-0.296179,0.955132
16.0977,-13.8628,0,0,-0.280175,0.959949
16.224,-13.8888,0,0,-0.265671,0.964064
16.3557,-13.9269,0,0,-0.250212,0.968191
16.4991,-13.9698,0,0,-0.234209,0.972186
16.6753,-14.0009,0,0,-0.218437,0.975851
16.841,-14.0199,0,0,-0.204558,0.978854
16.9857,-14.0472,0,0,-0.18763,0.98224
17.1411,-14.0567,0,0,-0.172398,0.985027
17.3175,-14.0904,0,0,-0.156066,0.987747
17.4834,-14.1012,0,0,-0.138529,0.990358
17.6269,-14.1171,0,0,-0.123518,0.992342
17.7815,-14.1253,0,0,-0.106489,0.994314
17.9385,-14.1188,0,0,-0.0908937,0.995861
18.1247,-14.1063,0,0,-0.0760832,0.997101
18.2903,-14.0953,0,0,-0.0616016,0.998101
18.4426,-14.0887,0,0,-0.0482038,0.998838
18.6143,-14.0847,0,0,-0.0354927,0.99937
18.8004,-14.0636,0,0,-0.0243238,0.999704
18.9723,-14.056,0,0,-0.0139152,0.999903
19.1351,-14.0555,0,0,-0.00354972,0.999994
19.3598,-14.0367,0,0,0.00522244,0.999986
19.5528,-14.0214,0,0,0.0146819,0.999892
19.7265,-13.9888,0,0,0.0218649,0.999761
19.9352,-13.9734,0,0,0.0292325,0.999573
20.0951,-13.9621,0,0,0.0353847,0.999374
20.2752,-13.9312,0,0,0.0394489,0.999222
20.5055,-13.9081,0,0,0.0441845,0.999023
20.7014,-13.8989,0,0,0.0493,0.998784
20.9389,-13.8853,0,0,0.0525539,0.998618
21.1146,-13.8654,0,0,0.0528143,0.998604
21.3465,-13.8449,0,0,0.0525108,0.99862
21.535,-13.8338,0,0,0.0535301,0.998566
21.7349,-13.8145,0,0,0.0523798,0.998627
21.9223,-13.7981,0,0,0.0522308,0.998635
22.1386,-13.7882,0,0,0.0522409,0.998635
22.3547,-13.7785,0,0,0.0517566,0.99866
22.5744,-13.7613,0,0,0.0493528,0.998781
22.7761,-13.7646,0,0,0.0500038,0.998749
22.9606,-13.7466,0,0,0.0482036,0.998838
23.1812,-13.7375,0,0,0.0460162,0.998941
23.3895,-13.7375,0,0,0.043493,0.999054
23.6541,-13.7207,0,0,0.0416598,0.999132
23.847,-13.7216,0,0,0.0392132,0.999231
24.0576,-13.7118,0,0,0.0373936,0.999301
24.2827,-13.7162,0,0,0.0338527,0.999427
24.4977,-13.7056,0,0,0.0332541,0.999447
24.7451,-13.715,0,0,0.0299221,0.999552
24.9478,-13.7245,0,0,0.0266617,0.999645
25.1692,-13.7211,0,0,0.0261849,0.999657
25.4275,-13.7189,0,0,0.0243076,0.999705
25.6369,-13.718,0,0,0.0232184,0.99973
25.8945,-13.7302,0,0,0.0216885,0.999765
26.0906,-13.7328,0,0,0.0220709,0.999756
26.3218,-13.741,0,0,0.0216788,0.999765
26.521,-13.7156,0,0,0.0224912,0.999747
26.7516,-13.7254,0,0,0.0205023,0.99979
26.9914,-13.731,0,0,0.0198478,0.999803
27.1953,-13.7422,0,0,0.0184678,0.999829
27.4169,-13.7392,0,0,0.0167942,0.999859
27.6355,-13.7556,0,0,0.0157876,0.999875
27.8844,-13.7492,0,0,0.0152777,0.999883
28.1721,-13.7623,0,0,0.0118755,0.999929
28.4385,-13.78,0,0,0.0112519,0.999937
28.6798,-13.7833,0,0,0.0100496,0.99995
28.9019,-13.7861,0,0,0.00988286,0.999951
29.1269,-13.8013,0,0,0.00990209,0.999951
29.3965,-13.8081,0,0,0.00878132,0.999961
29.5919,-13.8224,0,0,0.0094234,0.999956
29.8205,-13.8167,0,0,0.0080319,0.999968
30.0582,-13.8186,0,0,0.00806869,0.999967
30.3115,-13.8138,0,0,0.00791998,0.999969
30.5347,-13.8224,0,0,0.00709611,0.999975
30.7441,-13.8317,0,0,0.0062934,0.99998
30.9862,-13.8367,0,0,0.00750938,0.999972
31.1852,-13.8255,0,0,0.00771251,0.99997
31.4181,-13.8552,0,0,0.00798909,0.999968
31.6201,-13.8422,0,0,0.00788627,0.999969
31.8153,-13.8339,0,0,0.00732411,0.999973
32.0247,-13.8423,0,0,0.00762744,0.999971
32.1984,-13.8436,0,0,0.00732139,0.999973
32.3998,-13.8409,0,0,0.00799764,0.999968
32.5791,-13.8501,0,0,0.0081262,0.999967
32.767,-13.8513,0,0,0.00874394,0.999962
32.9454,-13.8472,0,0,0.00816654,0.999967
33.1019,-13.8392,0,0,0.00864412,0.999963
33.2735,-13.8424,0,0,0.00952482,0.999955
33.4358,-13.8427,0,0,0.00824837,0.999966
33.5563,-13.8524,0,0,0.00943181,0.999956
33.7264,-13.8463,0,0,0.00989399,0.999951
33.8563,-13.8357,0,0,0.0103282,0.999947
33.9908,-13.8359,0,0,0.010078,0.999949
34.1297,-13.833,0,0,0.0108048,0.999942
34.2473,-13.8361,0,0,0.0115806,0.999933
34.3466,-13.8475,0,0,0.0112877,0.999936
34.4604,-13.8477,0,0,0.0120211,0.999928
34.5327,-13.8446,0,0,0.011581,0.999933
34.6182,-13.8439,0,0,0.0118719,0.99993
34.7079,-13.8449,0,0,0.0123231,0.999924
34.7986,-13.8415,0,0,0.0129014,0.999917
34.8544,-13.8366,0,0,0.0133269,0.999911
34.9122,-13.8479,0,0,0.0129406,0.999916
34.9956,-13.8419,0,0,0.0137567,0.999905
35.0602,-13.8547,0,0,0.0144605,0.999895
35.1079,-13.8443,0,0,0.0143739,0.999897
35.1366,-13.8406,0,0,0.013995,0.999902
35.1873,-13.8286,0,0,0.0149187,0.999889
35.2065,-13.8316,0,0,0.0147516,0.999891
35.2529,-13.8401,0,0,0.0143445,0.999897
35.2449,-13.8372,0,0,0.0148284,0.99989
35.2607,-13.8407,0,0,0.0143389,0.999897
35.3013,-13.8379,0,0,0.0146306,0.999893
35.2898,-13.8424,0,0,0.0151411,0.999885
35.2936,-13.8299,0,0,0.0148508,0.99989
35.3002,-13.832,0,0,0.0153153,0.999883
35.3075,-13.8348,0,0,0.0152922,0.999883
35.3242,-13.8392,0,0,0.015536,0.999879
35.3189,-13.8383,0,0,0.0149357,0.999888
35.3177,-13.8365,0,0,0.0149368,0.999888
35.2999,-13.8469,0,0,0.0147781,0.999891
35.3059,-13.8423,0,0,0.0153605,0.999882
35.3108,-13.8411,0,0,0.0153519,0.999882
35.3221,-13.8457,0,0,0.0154448,0.999881
35.3144,-13.8388,0,0,0.0151748,0.999885
35.3138,-13.8295,0,0,0.0153777,0.999882
35.3102,-13.8325,0,0,0.015028,0.999887
35.3181,-13.8378,0,0,0.0151887,0.999885
35.3167,-13.8433,0,0,0.0151529,0.999885
35.2964,-13.8385,0,0,0.0151869,0.999885
35.3117,-13.8339,0,0,0.0152971,0.999883
35.301,-13.844,0,0,0.0151392,0.999885
35.341,-13.8415,0,0,0.0152688,0.999883
35.3154,-13.8449,0,0,0.0150185,0.999887
35.3241,-13.8359,0,0,0.0148518,0.99989
35.2947,-13.8475,0,0,0.0152532,0.999884
35.3134,-13.8402,0,0,0.0152528,0.999884
35.3161,-13.8414,0,0,0.0157235,0.999876
35.3249,-13.8391,0,0,0.0149857,0.999888
35.31,-13.8511,0,0,0.0144038,0.999896
35.3084,-13.8386,0,0,0.015895,0.999874
35.3164,-13.8318,0,0,0.0151903,0.999885
35.2869,-13.8516,0,0,0.0143276,0.999897
35.2951,-13.8458,0,0,0.0147535,0.999891
35.312,-13.8402,0,0,0.0144127,0.999896
35.3256,-13.8341,0,0,0.0153607,0.999882
35.3059,-13.8358,0,0,0.0147138,0.999892
35.3037,-13.8434,0,0,0.0151106,0.999886
35.3024,-13.8452,0,0,0.0151222,0.999886
35.3156,-13.8423,0,0,0.0152661,0.999883
35.3,-13.8481,0,0,0.0152463,0.999884
35.2891,-13.8444,0,0,0.0142822,0.999898
35.2988,-13.84,0,0,0.0150504,0.999887
35.3253,-13.8357,0,0,0.014996,0.999888
35.3088,-13.8397,0,0,0.0144952,0.999895
35.2917,-13.8515,0,0,0.0145485,0.999894
35.3332,-13.8415,0,0,0.015294,0.999883
35.3059,-13.8351,0,0,0.0156062,0.999878
35.2928,-13.8485,0,0,0.0148324,0.99989
35.3232,-13.8459,0,0,0.0153753,0.999882
35.3115,-13.8505,0,0,0.0147439,0.999891
35.2971,-13.8409,0,0,0.0152598,0.999884
35.3073,-13.849,0,0,0.0148619,0.99989
35.3097,-13.8408,0,0,0.0149243,0.999889
35.3111,-13.8466,0,0,0.0150721,0.999886
35.3133,-13.8467,0,0,0.0150809,0.999886
35.2911,-13.8455,0,0,0.0145705,0.999894
35.3161,-13.8445,0,0,0.0154267,0.999881
35.3128,-13.8413,0,0,0.0146312,0.999893
35.312,-13.8403,0,0,0.0150263,0.999887
35.2971,-13.8482,0,0,0.0141173,0.9999
35.3023,-13.851,0,0,0.015516,0.99988
35.3286,-13.8424,0,0,0.0151676,0.999885
35.3246,-13.8384,0,0,0.01493,0.999889
35.299,-13.834,0,0,0.0148764,0.999889
35.3063,-13.8382,0,0,0.0146916,0.999892
35.2836,-13.8378,0,0,0.0144031,0.999896
35.3097,-13.8481,0,0,0.0151085,0.999886
35.313,-13.8481,0,0,0.0148036,0.99989
35.3009,-13.8389,0,0,0.0151601,0.999885
35.316,-13.8396,0,0,0.0148872,0.999889
35.3138,-13.8366,0,0,0.015512,0.99988
35.3232,-13.8377,0,0,0.0153116,0.999883
35.3304,-13.8342,0,0,0.0152379,0.999884
35.3202,-13.8396,0,0,0.0147561,0.999891
35.3124,-13.8443,0,0,0.0149183,0.999889
35.3174,-13.8355,0,0,0.0151538,0.999885
35.2941,-13.8496,0,0,0.0141567,0.9999
35.307,-13.8438,0,0,0.0145176,0.999895
35.3174,-13.8417,0,0,0.0152392,0.999884
35.324,-13.8439,0,0,0.0148893,0.999889
35.2983,-13.8329,0,0,0.0147328,0.999891
35.3033,-13.8344,0,0,0.0150153,0.999887
35.3193,-13.844,0,0,0.0153874,0.999882
35.3087,-13.8455,0,0,0.0149866,0.999888
35.3047,-13.8446,0,0,0.0153849,0.999882
35.3174,-13.836,0,0,0.0145912,0.999894
35.2981,-13.8401,0,0,0.015,0.999887
35.3073,-13.8469,0,0,0.014987,0.999888
35.3067,-13.8452,0,0,0.0137677,0.999905
35.3017,-13.8456,0,0,0.0150477,0.999887
35.3252,-13.8407,0,0,0.0148971,0.999889
35.3159,-13.8451,0,0,0.0143861,0.999897
35.2998,-13.8422,0,0,0.0143888,0.999896
35.2968,-13.8478,0,0,0.0147599,0.999891
35.3106,-13.8378,0,0,0.0156065,0.999878
35.3232,-13.8315,0,0,0.0154002,0.999881
35.3229,-13.8449,0,0,0.0154452,0.999881
35.3019,-13.8448,0,0,0.0149919,0.999888
35.3157,-13.8405,0,0,0.0155359,0.999879
35.3152,-13.8424,0,0,0.0147366,0.999891
35.3064,-13.8393,0,0,0.0148978,0.999889
35.3106,-13.8496,0,0,0.0155371,0.999879
35.3237,-13.8402,0,0,0.0149296,0.999889
35.2966,-13.8546,0,0,0.014828,0.99989
35.3158,-13.8455,0,0,0.0155988,0.999878
35.3228,-13.8516,0,0,0.0145643,0.999894
35.3105,-13.8367,0,0,0.0148803,0.999889
35.3194,-13.8505,0,0,0.0154378,0.999881
35.3169,-13.8405,0,0,0.0146377,0.999893
35.3111,-13.8402,0,0,0.0146061,0.999893
35.3049,-13.8441,0,0,0.0155563,0.999879
35.3172,-13.8394,0,0,0.0152222,0.999884
35.3148,-13.8423,0,0,0.0154424,0.999881
35.3002,-13.8506,0,0,0.0149581,0.999888
35.3061,-13.8444,0,0,0.0156525,0.999877
35.3308,-13.8375,0,0,0.0151446,0.999885
35.3073,-13.8449,0,0,0.0150736,0.999886
35.3117,-13.8443,0,0,0.014828,0.99989
35.2888,-13.8452,0,0,0.0149555,0.999888
35.3074,-13.843,0,0,0.0150031,0.999887
35.3087,-13.8447,0,0,0.0148478,0.99989
35.309,-13.845,0,0,0.0144362,0.999896
35.3025,-13.8437,0,0,0.0155462,0.999879
35.3107,-13.8472,0,0,0.0150035,0.999887
35.3194,-13.8354,0,0,0.015183,0.999885
35.3186,-13.8439,0,0,0.0149912,0.999888
35.3042,-13.8434,0,0,0.0151037,0.999886
35.3267,-13.8464,0,0,0.0148884,0.999889
35.3098,-13.8431,0,0,0.0150071,0.999887
35.3242,-13.838,0,0,0.0147087,0.999892
35.3058,-13.8516,0,0,0.0144056,0.999896
35.3173,-13.8422,0,0,0.0150612,0.999887
35.3158,-13.8425,0,0,0.0146809,0.999892
35.3104,-13.8464,0,0,0.0152115,0.999884
35.3113,-13.8478,0,0,0.0144245,0.999896
35.3292,-13.8399,0,0,0.015135,0.999885
35.3045,-13.8427,0,0,0.0150685,0.999886
35.3038,-13.8391,0,0,0.0157553,0.999876
35.3334,-13.8428,0,0,0.0152536,0.999884
35.3116,-13.8395,0,0,0.0151332,0.999885
35.3094,-13.8372,0,0,0.015051,0.999887
35.3224,-13.8337,0,0,0.0146725,0.999892
35.3145,-13.8389,0,0,0.014916,0.999889
35.3315,-13.8376,0,0,0.0151343,0.999885
35.308,-13.8418,0,0,0.0150068,0.999887
35.3017,-13.8371,0,0,0.0150404,0.999887
35.3108,-13.8351,0,0,0.0145064,0.999895
35.3333,-13.836,0,0,0.0144432,0.999896
35.322,-13.8456,0,0,0.0143611,0.999897
35.3324,-13.8382,0,0,0.0148555,0.99989
35.3629,-13.8438,0,0,0.0147921,0.999891
35.3666,-13.842,0,0,0.0147677,0.999891
35.3933,-13.8404,0,0,0.0146646,0.999892
35.4173,-13.8448,0,0,0.01442,0.999896
35.4884,-13.8454,0,0,0.0147122,0.999892
35.5055,-13.8461,0,0,0.015016,0.999887
35.5846,-13.8443,0,0,0.0143831,0.999897
35.6208,-13.8357,0,0,0.015295,0.999883
35.6625,-13.8359,0,0,0.0159802,0.999872
35.6985,-13.8426,0,0,0.0154316,0.999881
35.8065,-13.832,0,0,0.0158166,0.999875
35.8894,-13.8417,0,0,0.0157434,0.999876
35.9651,-13.8363,0,0,0.0163823,0.999866
36.0649,-13.8304,0,0,0.0168605,0.999858
36.1824,-13.8296,0,0,0.0161968,0.999869
36.2616,-13.8347,0,0,0.0166689,0.999861
36.4095,-13.818,0,0,0.0163945,0.999866
36.5269,-13.8243,0,0,0.0167187,0.99986
36.6402,-13.8232,0,0,0.0170608,0.999854
36.7623,-13.8248,0,0,0.0167177,0.99986
36.9161,-13.8122,0,0,0.0170167,0.999855
37.06,-13.8126,0,0,0.0174322,0.999848
37.1887,-13.8029,0,0,0.0173286,0.99985
37.391,-13.8077,0,0,0.0182247,0.999834
37.5302,-13.808,0,0,0.0186623,0.999826
37.6949,-13.8015,0,0,0.0182692,0.999833
37.8881,-13.7934,0,0,0.0186277,0.999826
38.071,-13.7984,0,0,0.0193267,0.999813
38.2692,-13.8076,0,0,0.0192591,0.999815
38.4541,-13.8012,0,0,0.0197613,0.999805
38.6516,-13.7917,0,0,0.0192161,0.999815
38.8353,-13.7852,0,0,0.0198494,0.999803
39.0498,-13.7685,0,0,0.0205302,0.999789
39.2673,-13.7689,0,0,0.0208593,0.999782
39.483,-13.772,0,0,0.0204884,0.99979
39.6865,-13.7595,0,0,0.020376,0.999792
39.9164,-13.7756,0,0,0.0213509,0.999772
40.1197,-13.748,0,0,0.0215912,0.999767
40.3323,-13.753,0,0,0.0228717,0.999738
40.5361,-13.7639,0,0,0.0217812,0.999763
40.7419,-13.7673,0,0,0.0219258,0.99976
40.9681,-13.7556,0,0,0.0228839,0.999738
41.162,-13.7621,0,0,0.0237295,0.999718
41.3799,-13.7431,0,0,0.0229552,0.999736
41.5959,-13.7341,0,0,0.0232555,0.99973
41.8114,-13.7146,0,0,0.0249024,0.99969
42.0107,-13.7256,0,0,0.0244318,0.999701
42.2134,-13.7251,0,0,0.0249866,0.999688
42.4339,-13.7116,0,0,0.0254836,0.999675
42.648,-13.7106,0,0,0.0263022,0.999654
42.8412,-13.6964,0,0,0.0270491,0.999634
43.0403,-13.6922,0,0,0.0279412,0.99961
43.2545,-13.6672,0,0,0.0304729,0.999536
43.438,-13.6608,0,0,0.0341177,0.999418
43.6628,-13.6491,0,0,0.0366789,0.999327
43.8643,-13.636,0,0,0.0397274,0.999211
44.0832,-13.6327,0,0,0.0436632,0.999046
44.2842,-13.5999,0,0,0.0493819,0.99878
44.472,-13.564,0,0,0.0545933,0.998509
44.6456,-13.5372,0,0,0.0615287,0.998105
44.85,-13.4835,0,0,0.0683464,0.997662
45.0268,-13.4536,0,0,0.0755501,0.997142
45.1985,-13.409,0,0,0.0832687,0.996527
45.367,-13.3634,0,0,0.0911979,0.995833
45.5219,-13.3127,0,0,0.0984102,0.995146
45.6601,-13.248,0,0,0.105729,0.994395
45.8318,-13.205,0,0,0.112972,0.993598
45.9889,-13.1624,0,0,0.120385,0.992727
46.1433,-13.1227,0,0,0.126314,0.99199
46.2818,-13.0662,0,0,0.133978,0.990984
46.4043,-12.9992,0,0,0.141998,0.989867
46.5119,-12.9568,0,0,0.149019,0.988834
46.6162,-12.8887,0,0,0.155958,0.987764
46.7735,-12.8499,0,0,0.162406,0.986724
46.8753,-12.8147,0,0,0.169075,0.985603
46.9562,-12.7631,0,0,0.175497,0.98448
47.0436,-12.7002,0,0,0.182354,0.983233
47.1345,-12.6748,0,0,0.188104,0.982149
47.2253,-12.6171,0,0,0.193824,0.981036
47.3128,-12.575,0,0,0.199333,0.979932
47.3812,-12.5309,0,0,0.20512,0.978737
47.4304,-12.4891,0,0,0.209757,0.977753
47.4788,-12.4209,0,0,0.215103,0.976591
47.5214,-12.3609,0,0,0.22089,0.975299
47.5839,-12.3275,0,0,0.22479,0.974407
47.7156,-12.3103,0,0,0.227429,0.973795
47.7271,-12.2852,0,0,0.23056,0.973058
47.7712,-12.241,0,0,0.233713,0.972306
47.8132,-12.2027,0,0,0.237233,0.971453
47.8017,-12.1855,0,0,0.238581,0.971123
47.859,-12.1627,0,0,0.24118,0.97048
47.85,-12.1456,0,0,0.24249,0.970154
47.8941,-12.1691,0,0,0.243329,0.969944
47.8807,-12.147,0,0,0.244274,0.969706
47.9493,-12.1337,0,0,0.245494,0.969398
47.9158,-12.1277,0,0,0.245712,0.969343
47.9325,-12.1291,0,0,0.24521,0.96947
47.9503,-12.121,0,0,0.245439,0.969412
47.9283,-12.1128,0,0,0.245972,0.969277
47.9552,-12.1304,0,0,0.24516,0.969483
47.9405,-12.1127,0,0,0.246881,0.969046
47.9656,-12.1133,0,0,0.247464,0.968897
47.9538,-12.1331,0,0,0.247846,0.9688
47.9722,-12.1035,0,0,0.248539,0.968622
48.012,-12.0876,0,0,0.250234,0.968185
47.9975,-12.0953,0,0,0.250992,0.967989
48.0152,-12.0806,0,0,0.251979,0.967733
48.0487,-12.0623,0,0,0.254701,0.96702
48.0832,-12.0374,0,0,0.256177,0.96663
48.1098,-11.9958,0,0,0.259444,0.965758
48.1484,-11.9691,0,0,0.263576,0.964639
48.2094,-11.9399,0,0,0.267167,0.96365
48.2329,-11.8937,0,0,0.272023,0.962291
48.2502,-11.8467,0,0,0.277082,0.960846
48.2888,-11.8087,0,0,0.2822,0.959356
48.349,-11.7182,0,0,0.28977,0.957096
48.4235,-11.6606,0,0,0.297495,0.954723
48.4769,-11.6019,0,0,0.303759,0.952749
48.6028,-11.5437,0,0,0.312396,0.949952
48.7017,-11.4391,0,0,0.321903,0.946773
48.7444,-11.3264,0,0,0.331229,0.94355
48.8529,-11.2552,0,0,0.337948,0.941165
48.9422,-11.1412,0,0,0.34927,0.937022
49.0151,-11.0294,0,0,0.357471,0.933924
49.1076,-10.9156,0,0,0.36819,0.929751
49.2355,-10.8158,0,0,0.377888,0.925852
49.2975,-10.6639,0,0,0.389463,0.921042
49.3737,-10.5511,0,0,0.400732,0.916195
49.4451,-10.3482,0,0,0.414108,0.910228
49.5688,-10.1866,0,0,0.426593,0.904444
49.6658,-10.0989,0,0,0.436643,0.899635
49.785,-9.9406,0,0,0.447504,0.894282
49.8833,-9.77025,0,0,0.460918,0.887443
49.8979,-9.51718,0,0,0.477185,0.878803
49.9628,-9.39178,0,0,0.485849,0.874043
50.0477,-9.21561,0,0,0.499756,0.866166
50.0795,-9.0108,0,0,0.512589,0.858634
50.0912,-8.82236,0,0,0.525578,0.850745
50.1163,-8.61243,0,0,0.537679,0.84315
50.2302,-8.40178,0,0,0.551381,0.834253
50.2991,-8.15028,0,0,0.56677,0.823876
50.331,-7.90369,0,0,0.581416,0.813606
50.3759,-7.69945,0,0,0.593044,0.80517
50.4441,-7.55602,0,0,0.603235,0.797564
50.4668,-7.34097,0,0,0.614496,0.78892
50.4943,-7.16866,0,0,0.623593,0.781749
50.4902,-6.98239,0,0,0.632605,0.774475
50.5155,-6.77249,0,0,0.64245,0.766327
50.5143,-6.56412,0,0,0.650603,0.759418
50.5099,-6.34795,0,0,0.658221,0.752825
50.4941,-6.11743,0,0,0.666458,0.745543
50.5218,-5.8895,0,0,0.674819,0.737983
50.5101,-5.61487,0,0,0.682617,0.730777
50.502,-5.42831,0,0,0.688261,0.725463
50.4757,-5.21106,0,0,0.692511,0.721408
50.4631,-4.99828,0,0,0.695964,0.718076
50.4734,-4.76393,0,0,0.700688,0.713468
50.412,-4.51018,0,0,0.705451,0.708759
50.3971,-4.27364,0,0,0.708215,0.705997
50.438,-4.03644,0,0,0.711552,0.702634
50.3985,-3.8065,0,0,0.713579,0.700575
50.4387,-3.5575,0,0,0.715384,0.698731
50.4215,-3.34715,0,0,0.7162,0.697895
50.4167,-3.0679,0,0,0.719369,0.694628
50.3676,-2.82715,0,0,0.719645,0.694342
50.3735,-2.55304,0,0,0.721384,0.692536
50.3462,-2.3098,0,0,0.721814,0.692087
50.3805,-2.08289,0,0,0.723022,0.690825
50.3945,-1.83087,0,0,0.723491,0.690334
50.4034,-1.58278,0,0,0.723582,0.690239
50.4024,-1.31422,0,0,0.723943,0.68986
50.4019,-1.05084,0,0,0.724504,0.689271
50.3775,-0.78862,0,0,0.724734,0.689028
50.3841,-0.528992,0,0,0.725282,0.688451
50.3554,-0.267563,0,0,0.726123,0.687565
50.3445,0.0196228,0,0,0.726187,0.687497
50.3559,0.286285,0,0,0.727824,0.685764
50.3184,0.592529,0,0,0.727243,0.68638
50.3398,0.82103,0,0,0.72806,0.685513
50.3008,1.09277,0,0,0.728762,0.684767
50.2824,1.38423,0,0,0.728144,0.685424
50.2895,1.67039,0,0,0.728434,0.685116
50.295,1.91315,0,0,0.729735,0.68373
50.295,2.20921,0,0,0.728997,0.684517
50.2961,2.49428,0,0,0.727995,0.685582
50.3221,2.78867,0,0,0.727939,0.685642
50.3325,3.06184,0,0,0.728444,0.685105
50.3335,3.35362,0,0,0.727978,0.6856
50.3333,3.66061,0,0,0.727081,0.686552
50.3313,3.95177,0,0,0.726125,0.687563
50.3415,4.17535,0,0,0.726654,0.687003
50.3332,4.48306,0,0,0.725734,0.687975
50.3287,4.73441,0,0,0.726539,0.687125
50.3195,4.98972,0,0,0.726612,0.687048
50.3276,5.23688,0,0,0.726851,0.686795
50.3255,5.5011,0,0,0.726532,0.687132
50.3052,5.74193,0,0,0.726952,0.686689
50.3158,6.0061,0,0,0.726846,0.686801
50.2875,6.23227,0,0,0.727143,0.686486
50.2937,6.46573,0,0,0.727063,0.686571
50.2956,6.68378,0,0,0.727716,0.685879
50.2968,6.90564,0,0,0.727746,0.685846
50.2556,7.11328,0,0,0.727343,0.686274
50.2795,7.34387,0,0,0.727057,0.686577
50.2363,7.59848,0,0,0.72576,0.687948
50.2169,7.79916,0,0,0.725811,0.687894
50.1981,8.01096,0,0,0.725328,0.688403
50.1702,8.22015,0,0,0.7247,0.689065
50.1848,8.42453,0,0,0.724401,0.689378
50.1845,8.64111,0,0,0.724387,0.689393
50.1876,8.80939,0,0,0.725226,0.688511
50.1606,9.00357,0,0,0.724623,0.689146
50.1661,9.21356,0,0,0.723878,0.689928
50.1635,9.34497,0,0,0.72521,0.688528
50.171,9.54764,0,0,0.72556,0.688159
50.1644,9.72803,0,0,0.72522,0.688517
50.1537,9.90121,0,0,0.725972,0.687725
50.1618,10.0797,0,0,0.726476,0.687191
50.1451,10.2777,0,0,0.727076,0.686557
50.1219,10.4958,0,0,0.727538,0.686067
50.1274,10.6537,0,0,0.730036,0.683408
50.1273,10.8239,0,0,0.733564,0.67962
50.0968,11.0092,0,0,0.736745,0.67617
50.0823,11.1794,0,0,0.741346,0.671124
50.0653,11.3655,0,0,0.745737,0.666241
50.0453,11.5538,0,0,0.750076,0.661352
50.0222,11.7216,0,0,0.755147,0.655555
49.9876,11.8749,0,0,0.76079,0.648999
49.9609,12.0306,0,0,0.766818,0.641864
49.9156,12.2073,0,0,0.773551,0.633735
49.8744,12.3719,0,0,0.780115,0.625636
49.8321,12.5156,0,0,0.787112,0.61681
49.7776,12.6162,0,0,0.795787,0.605577
49.7267,12.7173,0,0,0.80482,0.593519
49.6525,12.9074,0,0,0.812079,0.583548
49.5703,13.0324,0,0,0.820722,0.571328
49.5109,13.149,0,0,0.829233,0.558904
49.4354,13.2653,0,0,0.838006,0.545661
49.3462,13.4007,0,0,0.8457,0.533659
49.2281,13.5446,0,0,0.853368,0.521308
49.1659,13.62,0,0,0.861814,0.507224
49.0517,13.7722,0,0,0.868878,0.495027
48.9391,13.8562,0,0,0.87657,0.481274
48.838,13.9365,0,0,0.884304,0.466912
48.7029,14.0448,0,0,0.891032,0.45394
48.6175,14.1419,0,0,0.898151,0.439688
48.5109,14.2273,0,0,0.905035,0.425337
48.429,14.2849,0,0,0.912172,0.409809
48.3262,14.3537,0,0,0.918788,0.394752
48.2197,14.4384,0,0,0.924782,0.380497
48.0844,14.5027,0,0,0.931332,0.36417
47.9671,14.561,0,0,0.936643,0.350287
47.8204,14.6462,0,0,0.941583,0.33678
47.7011,14.707,0,0,0.947,0.321235
47.5692,14.7614,0,0,0.951942,0.306278
47.4431,14.8193,0,0,0.956676,0.291156
47.2929,14.876,0,0,0.96115,0.276025
47.1547,14.9209,0,0,0.965279,0.26122
47.0146,14.9512,0,0,0.969436,0.245343
46.8829,14.9789,0,0,0.973304,0.22952
46.7335,15.0311,0,0,0.97663,0.214927
46.5879,15.0528,0,0,0.979816,0.1999
46.4206,15.099,0,0,0.982778,0.18479
46.2571,15.1096,0,0,0.985673,0.168666
46.1086,15.1145,0,0,0.988026,0.154287
45.9378,15.1287,0,0,0.990142,0.140069
45.7842,15.1468,0,0,0.991989,0.126321
45.6347,15.1209,0,0,0.993616,0.112818
45.4674,15.1058,0,0,0.99495,0.100367
45.2623,15.118,0,0,0.996066,0.0886092
45.1114,15.0967,0,0,0.997132,0.0756857
44.914,15.0993,0,0,0.997981,0.0635138
44.6917,14.9976,0,0,0.998193,0.0600812
44.4704,14.9779,0,0,0.998715,0.0506733
44.2782,14.9912,0,0,0.999157,0.0410599
44.0673,14.9427,0,0,0.999338,0.0363671
43.8786,14.9485,0,0,0.999616,0.0276989
43.6567,14.9617,0,0,0.999788,0.020578
43.4019,14.9872,0,0,0.99992,0.0126204
43.1737,14.9699,0,0,0.999958,0.00919206
42.9433,14.9646,0,0,0.999994,0.003599
42.6908,14.9833,0,0,-1,0.000880078
42.4647,14.9607,0,0,-0.999987,0.00501698
42.2115,14.9579,0,0,-0.99997,0.00781011
41.9713,14.9449,0,0,-0.999931,0.0117772
41.7346,14.9608,0,0,-0.999879,0.0155265
41.463,14.9338,0,0,-0.999875,0.0158092
41.2306,14.9406,0,0,-0.999853,0.0171536
40.9518,14.9251,0,0,-0.999847,0.0175144
40.6188,14.9045,0,0,-0.999767,0.0216071
40.3329,14.898,0,0,-0.999779,0.0210274
40.0884,14.8974,0,0,-0.999779,0.0210158
39.813,14.8888,0,0,-0.999778,0.0210894
39.4945,14.8714,0,0,-0.999743,0.0226916
39.2113,14.9101,0,0,-0.999746,0.0225483
38.8779,14.8874,0,0,-0.999735,0.0230213
38.5957,14.8877,0,0,-0.999742,0.0227095
38.3206,14.8785,0,0,-0.999753,0.0222425
37.9699,14.8694,0,0,-0.999761,0.0218633
37.6693,14.8596,0,0,-0.99972,0.0236453
37.358,14.8611,0,0,-0.999689,0.0249448
37.0082,14.8584,0,0,-0.99969,0.0249164
36.7215,14.8568,0,0,-0.999708,0.02415
36.3988,14.8647,0,0,-0.999663,0.0259639
36.0815,14.8438,0,0,-0.99969,0.0249132
35.7745,14.8319,0,0,-0.999688,0.0249631
35.4641,14.8189,0,0,-0.999646,0.0265979
35.1457,14.8188,0,0,-0.999642,0.0267577
34.8596,14.8102,0,0,-0.999641,0.0268088
34.522,14.773,0,0,-0.999595,0.028458
34.2162,14.7725,0,0,-0.999586,0.0287593
33.9138,14.7668,0,0,-0.999614,0.0277853
33.607,14.7916,0,0,-0.999666,0.025842
33.3001,14.7636,0,0,-0.999588,0.0287064
33.0515,14.7519,0,0,-0.999593,0.0285137
32.764,14.7463,0,0,-0.999583,0.0288699
32.4916,14.7314,0,0,-0.999594,0.0285085
32.2223,14.7094,0,0,-0.999572,0.0292453
31.9475,14.706,0,0,-0.999557,0.0297783
31.687,14.6751,0,0,-0.999562,0.0295963
31.4252,14.6805,0,0,-0.999551,0.0299749
31.2358,14.669,0,0,-0.999566,0.0294551
30.9474,14.6431,0,0,-0.999539,0.0303616
30.7288,14.6472,0,0,-0.999521,0.0309601
30.5334,14.63,0,0,-0.999557,0.0297692
30.3292,14.6205,0,0,-0.99954,0.030315
30.1422,14.6123,0,0,-0.999542,0.0302709
29.9857,14.6251,0,0,-0.999569,0.0293675
29.8322,14.6025,0,0,-0.999568,0.029377
29.6555,14.6035,0,0,-0.999563,0.02955
29.5013,14.5851,0,0,-0.999524,0.0308454
29.3578,14.5948,0,0,-0.999561,0.0296129
29.2433,14.5631,0,0,-0.999533,0.0305726
29.0319,14.5527,0,0,-0.999536,0.0304631
28.9202,14.5392,0,0,-0.999494,0.031794
28.8277,14.5347,0,0,-0.999518,0.0310552
28.7292,14.5369,0,0,-0.999513,0.0311907
28.6625,14.5328,0,0,-0.999512,0.0312276
28.5637,14.5197,0,0,-0.999507,0.0314099
28.4915,14.5096,0,0,-0.999482,0.032181
28.4103,14.5066,0,0,-0.999471,0.0325157
28.342,14.5086,0,0,-0.999463,0.0327738
28.3022,14.4887,0,0,-0.999485,0.0320958
28.2192,14.5112,0,0,-0.999454,0.0330525
28.1948,14.5055,0,0,-0.999463,0.0327743
28.1155,14.5033,0,0,-0.999426,0.0338706
28.1284,14.5044,0,0,-0.999448,0.0332287
28.1126,14.5157,0,0,-0.999432,0.0337066
28.0959,14.5054,0,0,-0.999421,0.0340344
28.0908,14.4837,0,0,-0.999425,0.0339148
28.0947,14.4917,0,0,-0.999435,0.0336106
28.0906,14.4899,0,0,-0.999446,0.0332674
28.0947,14.4928,0,0,-0.999439,0.0334991
28.0568,14.5089,0,0,-0.999434,0.0336302
28.1176,14.5099,0,0,-0.999456,0.032978
28.1058,14.4903,0,0,-0.999453,0.0330602
28.1289,14.4906,0,0,-0.999464,0.0327433
28.0859,14.4848,0,0,-0.999428,0.0338187
28.0783,14.4821,0,0,-0.999447,0.0332587
28.0957,14.5053,0,0,-0.999428,0.0338206
28.0834,14.4973,0,0,-0.999432,0.0337045
28.0706,14.5032,0,0,-0.999429,0.0337833
28.1194,14.4941,0,0,-0.999461,0.0328382
28.0956,14.4985,0,0,-0.999419,0.0340797
28.0722,14.4889,0,0,-0.999446,0.0332928
28.115,14.4995,0,0,-0.999457,0.0329352
28.0913,14.4973,0,0,-0.999443,0.0333688
28.0704,14.4974,0,0,-0.999413,0.0342513
28.0771,14.4941,0,0,-0.999417,0.0341284
28.1183,14.5006,0,0,-0.999435,0.0336055
28.1176,14.5037,0,0,-0.999448,0.0332221
28.0806,14.4909,0,0,-0.999446,0.0332739
28.082,14.4956,0,0,-0.999444,0.0333282
28.0925,14.502,0,0,-0.999428,0.0338255
28.0824,14.4955,0,0,-0.99947,0.0325454
28.0795,14.4972,0,0,-0.999448,0.0332197
28.1085,14.4999,0,0,-0.999449,0.0331828
28.0795,14.496,0,0,-0.999442,0.0333906
28.1219,14.5054,0,0,-0.999431,0.0337316
28.1038,14.4959,0,0,-0.999433,0.0336669
28.0709,14.4913,0,0,-0.99944,0.0334745
28.0986,14.4987,0,0,-0.999434,0.0336263
28.0833,14.4985,0,0,-0.999439,0.0334904
28.0985,14.4919,0,0,-0.999455,0.0330133
28.0854,14.489,0,0,-0.99946,0.0328696
28.0908,14.4915,0,0,-0.999473,0.0324607
28.0969,14.5029,0,0,-0.999423,0.0339621
28.0807,14.5018,0,0,-0.999447,0.0332647
28.083,14.4863,0,0,-0.999441,0.033431
28.0779,14.4975,0,0,-0.999447,0.0332627
28.1048,14.5069,0,0,-0.999437,0.0335402
28.1057,14.5032,0,0,-0.999443,0.033359
28.1124,14.4984,0,0,-0.999464,0.0327368
28.0746,14.4957,0,0,-0.999441,0.0334342
28.0813,14.5076,0,0,-0.999442,0.033387
28.0781,14.4999,0,0,-0.999426,0.0338687
28.108,14.5009,0,0,-0.999449,0.0331847
28.1192,14.4985,0,0,-0.999448,0.0332225
28.1039,14.4989,0,0,-0.999437,0.0335558
28.088,14.5013,0,0,-0.999432,0.0337036
28.0834,14.4937,0,0,-0.999422,0.0339805
28.1076,14.4993,0,0,-0.999449,0.0331799
28.1161,14.5045,0,0,-0.999458,0.0329188
28.0817,14.4987,0,0,-0.999417,0.0341307
28.08,14.5007,0,0,-0.999423,0.0339638
28.1051,14.5014,0,0,-0.999443,0.0333731
28.0742,14.4902,0,0,-0.999445,0.0333229
28.0759,14.4937,0,0,-0.999436,0.0335774
28.0721,14.4893,0,0,-0.999431,0.0337348
28.1049,14.5049,0,0,-0.999441,0.0334378
28.0893,14.4894,0,0,-0.99945,0.0331687
28.1196,14.5041,0,0,-0.999454,0.0330382
28.1106,14.4968,0,0,-0.999437,0.0335529
28.0924,14.4969,0,0,-0.999436,0.0335757
28.1115,14.4984,0,0,-0.999437,0.0335541
28.1119,14.505,0,0,-0.99945,0.0331539
28.1163,14.4978,0,0,-0.999461,0.0328213
28.0744,14.4935,0,0,-0.999452,0.0330996
28.0757,14.4905,0,0,-0.999432,0.0336989
28.105,14.4997,0,0,-0.999433,0.0336668
28.1078,14.4991,0,0,-0.999431,0.0337236
28.0813,14.498,0,0,-0.99944,0.0334717
28.1179,14.4995,0,0,-0.999435,0.0336124
28.0875,14.4958,0,0,-0.999448,0.0332175
28.0815,14.4856,0,0,-0.999417,0.0341431
28.082,14.4885,0,0,-0.999421,0.034032
28.0615,14.4935,0,0,-0.999426,0.0338669
28.0768,14.4946,0,0,-0.999431,0.0337286
28.1263,14.4951,0,0,-0.999467,0.0326588
28.0756,14.4934,0,0,-0.999423,0.0339772
28.0682,14.4896,0,0,-0.999432,0.0337063
28.0781,14.4948,0,0,-0.99944,0.0334483
28.123,14.4966,0,0,-0.99946,0.0328648
28.1096,14.4902,0,0,-0.99942,0.0340666
28.1001,14.4961,0,0,-0.999445,0.033311
28.1003,14.4997,0,0,-0.999431,0.0337372
28.073,14.4906,0,0,-0.999444,0.0333319
28.0776,14.49,0,0,-0.999465,0.0327028
28.0819,14.4847,0,0,-0.999453,0.0330741
28.0983,14.4987,0,0,-0.99945,0.0331703
28.0872,14.493,0,0,-0.999432,0.0337061
28.0916,14.4889,0,0,-0.99944,0.0334486
28.1023,14.5054,0,0,-0.999422,0.0339979
28.1093,14.4987,0,0,-0.999439,0.0334784
28.097,14.492,0,0,-0.999438,0.0335169
28.1007,14.5025,0,0,-0.99944,0.0334747
28.1086,14.4962,0,0,-0.999439,0.033506
28.0861,14.4884,0,0,-0.99946,0.0328478
28.1064,14.5049,0,0,-0.999449,0.0331813
28.07,14.4921,0,0,-0.999438,0.0335282
28.1284,14.4989,0,0,-0.999466,0.0326619
28.0767,14.4996,0,0,-0.999422,0.034008
28.1014,14.4948,0,0,-0.999441,0.0334279
28.1253,14.5028,0,0,-0.999451,0.0331204
28.117,14.5027,0,0,-0.99945,0.0331718
28.0777,14.492,0,0,-0.999449,0.0331873
28.0975,14.4928,0,0,-0.999443,0.0333596
28.0924,14.4873,0,0,-0.999452,0.0330995
28.089,14.5,0,0,-0.999439,0.0334842
28.0858,14.4908,0,0,-0.999438,0.033507
28.0988,14.5008,0,0,-0.999465,0.0327109
28.0807,14.4957,0,0,-0.999419,0.0340839
28.0602,14.5011,0,0,-0.999428,0.0338101
28.1021,14.4977,0,0,-0.999431,0.0337209
28.0909,14.5039,0,0,-0.999432,0.0336982
28.0929,14.4984,0,0,-0.999456,0.0329837
28.0851,14.4837,0,0,-0.999435,0.0336105
28.0858,14.4905,0,0,-0.999444,0.0333527
28.0946,14.498,0,0,-0.999436,0.033576
28.1009,14.4903,0,0,-0.999467,0.032635
28.1061,14.4964,0,0,-0.999444,0.0333336
28.0766,14.495,0,0,-0.999428,0.033817
28.1082,14.4989,0,0,-0.999459,0.032881
28.1151,14.4925,0,0,-0.999467,0.0326371
28.102,14.498,0,0,-0.999441,0.0334366
28.0855,14.4894,0,0,-0.999438,0.0335184
28.1079,14.4976,0,0,-0.999438,0.0335201
28.1066,14.5013,0,0,-0.999441,0.0334281
28.0817,14.4948,0,0,-0.999429,0.0337838
28.0784,14.4921,0,0,-0.999449,0.0331976
28.0816,14.4961,0,0,-0.999439,0.0334967
28.0841,14.4873,0,0,-0.999428,0.0338299
28.1272,14.4987,0,0,-0.999455,0.0330097
28.0782,14.4968,0,0,-0.999433,0.0336591
28.1144,14.502,0,0,-0.999441,0.0334222
28.1054,14.4978,0,0,-0.999449,0.0331799
28.0927,14.4988,0,0,-0.999436,0.0335766
28.0845,14.4903,0,0,-0.999464,0.032726
28.1098,14.4967,0,0,-0.999454,0.0330519
28.0825,14.4939,0,0,-0.999438,0.0335199
28.1119,14.5048,0,0,-0.999461,0.0328233
28.0929,14.4982,0,0,-0.99943,0.0337515
28.1108,14.4961,0,0,-0.999443,0.0333803
28.1042,14.5079,0,0,-0.999434,0.0336377
28.0995,14.4947,0,0,-0.999427,0.0338351
28.1038,14.4981,0,0,-0.999435,0.0336249
28.0783,14.4968,0,0,-0.999447,0.0332409
28.0926,14.5065,0,0,-0.999423,0.0339714
28.1115,14.4951,0,0,-0.999447,0.0332648
28.0976,14.4932,0,0,-0.999444,0.0333503
28.1143,14.4918,0,0,-0.999454,0.0330553
28.1089,14.4935,0,0,-0.999462,0.0327983
28.0765,14.504,0,0,-0.999436,0.0335812
28.0781,14.4971,0,0,-0.999433,0.0336744
28.0787,14.4998,0,0,-0.999437,0.0335445
28.0851,14.4948,0,0,-0.999427,0.0338543
28.1077,14.493,0,0,-0.999437,0.033552
28.1178,14.5063,0,0,-0.999434,0.0336507
28.0688,14.4958,0,0,-0.999416,0.034175
28.1099,14.5028,0,0,-0.999452,0.0330961
28.0957,14.4922,0,0,-0.999449,0.0332008
28.1014,14.5031,0,0,-0.999438,0.0335122
28.0975,14.4923,0,0,-0.999426,0.0338874
28.1142,14.4948,0,0,-0.99945,0.033163
28.1132,14.5017,0,0,-0.999431,0.0337354
28.0843,14.495,0,0,-0.999439,0.033489
28.0999,14.4963,0,0,-0.999443,0.0333606
28.102,14.4901,0,0,-0.999441,0.0334425
28.0796,14.4947,0,0,-0.999442,0.0334168
28.1292,14.4977,0,0,-0.999469,0.0325783
28.0721,14.5013,0,0,-0.999432,0.0337127
28.0812,14.5073,0,0,-0.999443,0.0333783
28.1203,14.4948,0,0,-0.999466,0.0326726
28.0958,14.4958,0,0,-0.999435,0.0336019
28.111,14.4984,0,0,-0.999445,0.0333192
28.0674,14.4995,0,0,-0.999424,0.0339278
28.0946,14.4889,0,0,-0.999447,0.0332449
28.1004,14.5009,0,0,-0.999455,0.0330166
28.1206,14.4976,0,0,-0.999459,0.0329034
28.0903,14.497,0,0,-0.999449,0.0331783
28.1302,14.5005,0,0,-0.99946,0.0328621
28.0683,14.5045,0,0,-0.999433,0.0336693
28.1226,14.493,0,0,-0.999464,0.0327448
28.084,14.5037,0,0,-0.999456,0.0329886
28.093,14.4928,0,0,-0.99944,0.0334496
28.0827,14.5036,0,0,-0.999429,0.0337847
28.1074,14.4889,0,0,-0.999452,0.033097
28.0901,14.4926,0,0,-0.999442,0.033394
28.1032,14.4988,0,0,-0.999446,0.033283
28.1168,14.4933,0,0,-0.999469,0.0325785
28.1069,14.5015,0,0,-0.999437,0.0335589
28.0807,14.4917,0,0,-0.999422,0.0339812
28.0928,14.4986,0,0,-0.999438,0.0335226
28.0961,14.4873,0,0,-0.999435,0.0336114
28.0872,14.494,0,0,-0.999443,0.0333707
28.08,14.4931,0,0,-0.999432,0.033705
28.1244,14.505,0,0,-0.999451,0.0331182
28.125,14.4951,0,0,-0.999455,0.0330167
28.0859,14.4968,0,0,-0.999455,0.0330096
28.1069,14.4995,0,0,-0.999448,0.0332305
28.1233,14.4944,0,0,-0.999455,0.0329959
28.1152,14.4899,0,0,-0.999454,0.0330346
28.1004,14.4899,0,0,-0.999454,0.0330359
28.1104,14.4982,0,0,-0.999457,0.0329617
28.1152,14.4975,0,0,-0.999459,0.0329033
28.1111,14.5073,0,0,-0.999429,0.0337926
28.119,14.4991,0,0,-0.999457,0.0329392
28.0975,14.4977,0,0,-0.99944,0.0334645
28.1171,14.4925,0,0,-0.99946,0.0328606
28.0695,14.4948,0,0,-0.999399,0.0346565
28.1087,14.495,0,0,-0.999447,0.0332627
28.1113,14.4942,0,0,-0.99945,0.0331622
28.0834,14.4911,0,0,-0.999439,0.0334835
28.1125,14.4925,0,0,-0.999448,0.0332183
28.0898,14.4938,0,0,-0.999446,0.0332843
28.1094,14.5,0,0,-0.999446,0.0332694
28.1106,14.4943,0,0,-0.999435,0.0336083
28.0909,14.5006,0,0,-0.999449,0.033201
28.0926,14.4922,0,0,-0.999455,0.0330005
28.0947,14.497,0,0,-0.999442,0.0334143
28.0694,14.5009,0,0,-0.999428,0.0338151
28.1216,14.4976,0,0,-0.999451,0.0331216
28.1026,14.5004,0,0,-0.999459,0.0328913
28.0874,14.494,0,0,-0.999452,0.0330875
28.0803,14.495,0,0,-0.999428,0.0338326
28.1083,14.4952,0,0,-0.999448,0.0332208
28.0829,14.4908,0,0,-0.999433,0.0336738
28.1063,14.4911,0,0,-0.999438,0.0335174
28.0655,14.501,0,0,-0.999437,0.0335368
28.1088,14.5041,0,0,-0.999445,0.0333211
28.0794,14.5028,0,0,-0.999443,0.0333657
28.0868,14.4971,0,0,-0.999423,0.0339707
28.0893,14.5003,0,0,-0.999446,0.0332896
28.112,14.4957,0,0,-0.999461,0.0328328
28.124,14.4997,0,0,-0.999448,0.0332202
28.092,14.4886,0,0,-0.999442,0.0334104
28.1015,14.5008,0,0,-0.999423,0.0339546
28.1086,14.502,0,0,-0.999442,0.0333998
28.0826,14.4969,0,0,-0.99943,0.033755
28.094,14.4933,0,0,-0.999432,0.033685
28.1045,14.4989,0,0,-0.999451,0.0331289
28.09,14.4924,0,0,-0.999442,0.0333908
28.0722,14.4866,0,0,-0.999445,0.033324
28.1135,14.4967,0,0,-0.999455,0.0330043
28.0814,14.4868,0,0,-0.999443,0.0333602
28.0914,14.4872,0,0,-0.999449,0.0331853
28.0771,14.498,0,0,-0.999446,0.0332962
28.0766,14.5023,0,0,-0.999441,0.0334206
28.1208,14.5025,0,0,-0.99945,0.0331527
28.1186,14.5045,0,0,-0.999461,0.0328304
28.1153,14.5012,0,0,-0.999458,0.0329202
28.0842,14.5001,0,0,-0.999449,0.0331985
28.0771,14.4926,0,0,-0.999444,0.0333342
28.1118,14.5039,0,0,-0.999451,0.0331243
28.0795,14.4983,0,0,-0.999436,0.033585
28.0999,14.497,0,0,-0.999444,0.0333467
28.1225,14.496,0,0,-0.999469,0.0325837
28.0778,14.5016,0,0,-0.999443,0.0333635
28.0913,14.4924,0,0,-0.999453,0.0330607
28.1191,14.4996,0,0,-0.999455,0.0330053
28.1058,14.496,0,0,-0.999439,0.0334954
28.0934,14.4936,0,0,-0.999441,0.0334357
28.1056,14.4965,0,0,-0.999437,0.0335489
28.1108,14.5016,0,0,-0.99946,0.0328597
28.118,14.5009,0,0,-0.999457,0.0329606
28.1143,14.5012,0,0,-0.999454,0.0330372
28.0818,14.4933,0,0,-0.999449,0.0331844
28.1062,14.4978,0,0,-0.999466,0.032663
28.1109,14.5074,0,0,-0.99944,0.0334584
28.1096,14.4978,0,0,-0.999448,0.0332147
28.1189,14.4942,0,0,-0.999463,0.0327751
28.0818,14.4873,0,0,-0.999443,0.0333608
28.083,14.4997,0,0,-0.999425,0.0339039
28.1161,14.5002,0,0,-0.999439,0.0334875
28.0827,14.4974,0,0,-0.999441,0.0334366
28.1122,14.4969,0,0,-0.999454,0.0330352
28.1103,14.5025,0,0,-0.999455,0.0330083
28.0977,14.4853,0,0,-0.999432,0.0336911
28.1194,14.5002,0,0,-0.999449,0.0332066
28.0781,14.504,0,0,-0.999444,0.0333442
28.0813,14.5077,0,0,-0.999439,0.0335006
28.087,14.4961,0,0,-0.999444,0.033328
28.1089,14.4943,0,0,-0.999435,0.0336049
28.0804,14.4919,0,0,-0.999423,0.0339622
28.0958,14.4992,0,0,-0.999436,0.0335834
28.0997,14.4952,0,0,-0.999448,0.0332291
28.0813,14.5016,0,0,-0.999428,0.0338076
28.1163,14.4956,0,0,-0.999458,0.0329222
28.11,14.4853,0,0,-0.999468,0.0326057
28.0755,14.4994,0,0,-0.999435,0.0336036
28.1237,14.4963,0,0,-0.999468,0.0326101
28.0842,14.489,0,0,-0.999433,0.033668
28.1057,14.4935,0,0,-0.999434,0.0336547
28.0809,14.4948,0,0,-0.999427,0.0338606
28.1103,14.4874,0,0,-0.999446,0.0332954
28.1086,14.4984,0,0,-0.999446,0.0332934
28.0867,14.4914,0,0,-0.999437,0.0335608
28.1162,14.4894,0,0,-0.999463,0.0327619
28.0862,14.4971,0,0,-0.99944,0.033449
28.1172,14.4948,0,0,-0.999454,0.033047
28.082,14.4917,0,0,-0.999425,0.0339087
28.0922,14.4889,0,0,-0.999447,0.0332654
28.1086,14.5007,0,0,-0.999441,0.0334382
28.0874,14.4882,0,0,-0.999439,0.0334779
28.1291,14.4951,0,0,-0.99946,0.0328687
28.0944,14.5012,0,0,-0.999436,0.0335735
28.0683,14.4968,0,0,-0.999432,0.0337127
28.0849,14.493,0,0,-0.999425,0.0339019
28.0864,14.4946,0,0,-0.999448,0.0332246
28.0739,14.4981,0,0,-0.999408,0.0343948
28.101,14.4919,0,0,-0.999457,0.0329383
28.1075,14.5049,0,0,-0.999439,0.0334857
28.1125,14.4969,0,0,-0.999448,0.0332081
28.0692,14.503,0,0,-0.999424,0.0339426
28.0867,14.4946,0,0,-0.999417,0.0341328
28.0802,14.4972,0,0,-0.999428,0.033832
28.064,14.5015,0,0,-0.999425,0.0338952
28.1061,14.5021,0,0,-0.999446,0.0332745
28.0565,14.4927,0,0,-0.999442,0.0333992
28.1179,14.493,0,0,-0.999462,0.0328036
28.0828,14.4873,0,0,-0.99942,0.034054
28.0729,14.5002,0,0,-0.999459,0.0328847
28.0937,14.4905,0,0,-0.999438,0.0335361
28.0863,14.4975,0,0,-0.999453,0.0330583
28.0764,14.5007,0,0,-0.999457,0.0329625
28.1009,14.4934,0,0,-0.999438,0.0335193
28.0934,14.4864,0,0,-0.999442,0.0334155
28.0949,14.4896,0,0,-0.999439,0.0334953
28.1037,14.4908,0,0,-0.999443,0.0333584
28.1017,14.5083,0,0,-0.999448,0.0332075
28.1213,14.5019,0,0,-0.999458,0.03293
28.1114,14.4943,0,0,-0.999469,0.0325935
28.1051,14.4986,0,0,-0.999436,0.0335896
28.0996,14.5077,0,0,-0.999436,0.0335704
28.0747,14.502,0,0,-0.999426,0.0338693
28.0855,14.4921,0,0,-0.999435,0.0336005
28.1075,14.5017,0,0,-0.999457,0.0329539
28.1134,14.4948,0,0,-0.99945,0.0331643
28.0875,14.4911,0,0,-0.999446,0.0332861
28.1075,14.4946,0,0,-0.999443,0.0333631
28.1047,14.5007,0,0,-0.99945,0.0331562
28.1184,14.5002,0,0,-0.999446,0.0332925
28.0938,14.4985,0,0,-0.999427,0.0338548
28.1129,14.4987,0,0,-0.999448,0.0332188
28.0923,14.4867,0,0,-0.999432,0.0336901
28.11,14.5045,0,0,-0.999459,0.032904
28.0903,14.4903,0,0,-0.999438,0.0335241
28.0916,14.4962,0,0,-0.999435,0.0336151
28.1096,14.5014,0,0,-0.999432,0.0337124
28.1189,14.5066,0,0,-0.999443,0.03337
28.1018,14.4863,0,0,-0.999451,0.0331394
28.0743,14.5025,0,0,-0.999433,0.0336774
28.0862,14.4996,0,0,-0.999457,0.0329623
28.0995,14.4972,0,0,-0.999441,0.0334301
28.0999,14.5042,0,0,-0.999454,0.0330532
28.0802,14.4964,0,0,-0.99943,0.0337666
28.0691,14.4948,0,0,-0.999448,0.0332259
28.0754,14.5014,0,0,-0.999439,0.0335028
28.0836,14.4918,0,0,-0.999439,0.0334883
28.0994,14.4953,0,0,-0.999445,0.0333046
28.0899,14.4936,0,0,-0.999445,0.0333252
28.0876,14.5056,0,0,-0.999433,0.033659
28.0737,14.4909,0,0,-0.999437,0.0335576
28.1069,14.5002,0,0,-0.999469,0.0325943
28.1188,14.5007,0,0,-0.999439,0.0335034
28.0802,14.4962,0,0,-0.999443,0.0333726
28.1142,14.5009,0,0,-0.999456,0.0329921
28.0999,14.4957,0,0,-0.999446,0.0332881
28.0835,14.4948,0,0,-0.999449,0.0332033
28.1039,14.4925,0,0,-0.999441,0.0334182
28.1112,14.4971,0,0,-0.99945,0.0331645
28.1013,14.5026,0,0,-0.999421,0.0340216
28.0784,14.4995,0,0,-0.999448,0.0332071
28.0973,14.498,0,0,-0.999437,0.0335364
28.1097,14.4974,0,0,-0.999438,0.0335188
28.0666,14.4985,0,0,-0.999423,0.0339525
28.0757,14.499,0,0,-0.999418,0.0341101
28.076,14.5051,0,0,-0.999427,0.0338414
28.0832,14.4927,0,0,-0.999443,0.0333643
28.1072,14.4938,0,0,-0.999447,0.0332575
28.0951,14.4939,0,0,-0.999448,0.0332286
28.1164,14.5004,0,0,-0.999449,0.0332047
28.1062,14.4983,0,0,-0.999444,0.0333283
28.0969,14.4964,0,0,-0.999444,0.0333491
28.1159,14.4952,0,0,-0.999449,0.0331854
28.1162,14.499,0,0,-0.999454,0.0330537
28.1104,14.5041,0,0,-0.999439,0.033481
28.112,14.4933,0,0,-0.999463,0.0327806
28.1071,14.4885,0,0,-0.999458,0.0329107
28.1193,14.4935,0,0,-0.999443,0.0333868
28.0932,14.4868,0,0,-0.99942,0.0340398
28.0573,14.4987,0,0,-0.999408,0.0344183
28.065,14.4967,0,0,-0.999426,0.0338686
28.1104,14.4952,0,0,-0.999439,0.0334832
28.1086,14.4897,0,0,-0.999444,0.0333428
28.0955,14.492,0,0,-0.999441,0.0334409
28.1071,14.5018,0,0,-0.999444,0.0333382
28.0737,14.5034,0,0,-0.999444,0.0333365
28.0831,14.4917,0,0,-0.999461,0.0328133
28.1193,14.5016,0,0,-0.999459,0.0329
28.1033,14.4993,0,0,-0.999452,0.0330878
28.0943,14.5028,0,0,-0.999438,0.0335286
28.0878,14.4989,0,0,-0.999437,0.0335617
28.0913,14.4875,0,0,-0.999435,0.0335985
28.1013,14.495,0,0,-0.999441,0.0334242
28.1236,14.5052,0,0,-0.999437,0.0335542
28.1148,14.4995,0,0,-0.999453,0.0330732
28.1039,14.4984,0,0,-0.999452,0.0330942
28.1052,14.5037,0,0,-0.999439,0.0335052
28.1069,14.509,0,0,-0.999444,0.0333534
28.0808,14.493,0,0,-0.999446,0.0332962
28.1064,14.5063,0,0,-0.999435,0.0335972
28.0865,14.4938,0,0,-0.999447,0.0332527
28.079,14.4972,0,0,-0.999459,0.0328766
28.0646,14.4937,0,0,-0.999407,0.0344438
28.0804,14.4974,0,0,-0.999435,0.0336077
28.107,14.4838,0,0,-0.999452,0.0331063
28.1019,14.4822,0,0,-0.999461,0.0328406
28.1213,14.4956,0,0,-0.999482,0.0321683
28.0881,14.4885,0,0,-0.999462,0.0328001
28.054,14.4924,0,0,-0.999481,0.0322237
27.9991,14.4924,0,0,-0.999445,0.0333104
27.947,14.4832,0,0,-0.999435,0.033616
27.9422,14.4904,0,0,-0.999451,0.0331263
27.9211,14.4844,0,0,-0.9994,0.0346429
27.9013,14.4909,0,0,-0.999446,0.0332862
27.8367,14.4832,0,0,-0.999459,0.0328872
27.7515,14.488,0,0,-0.999469,0.0325723
27.7225,14.4779,0,0,-0.999476,0.0323645
27.6393,14.4877,0,0,-0.999491,0.0318932
27.569,14.4768,0,0,-0.999493,0.031845
27.4862,14.4739,0,0,-0.999505,0.0314551
27.3965,14.4685,0,0,-0.999496,0.0317429
27.2971,14.4699,0,0,-0.99951,0.0312996
27.1935,14.4688,0,0,-0.999509,0.03134
27.0859,14.4705,0,0,-0.999519,0.0310081
26.9572,14.4628,0,0,-0.99954,0.0303171
26.8244,14.4571,0,0,-0.999545,0.0301614
26.6973,14.4568,0,0,-0.999534,0.0305333
26.5574,14.4454,0,0,-0.999563,0.0295519
26.4537,14.4464,0,0,-0.999563,0.0295445
26.3173,14.4482,0,0,-0.999582,0.0289062
26.1895,14.4554,0,0,-0.99956,0.029671
26.0569,14.4367,0,0,-0.999587,0.0287393
25.8781,14.4423,0,0,-0.999573,0.0292312
25.7128,14.4338,0,0,-0.999567,0.0294182
25.5691,14.4268,0,0,-0.99958,0.028977
25.4024,14.4289,0,0,-0.999604,0.0281364
25.2469,14.4278,0,0,-0.999625,0.0273654
25.1097,14.4193,0,0,-0.999607,0.0280211
24.9434,14.4211,0,0,-0.999579,0.0290248
24.7603,14.4197,0,0,-0.999586,0.0287552
24.5871,14.4167,0,0,-0.999603,0.0281887
24.3457,14.4362,0,0,-0.999588,0.0286962
24.1524,14.434,0,0,-0.999593,0.0285387
23.9959,14.4159,0,0,-0.999594,0.0284921
23.7978,14.4115,0,0,-0.999667,0.0257927
23.617,14.4103,0,0,-0.999668,0.0257712
23.4485,14.4145,0,0,-0.9997,0.0244773
23.2443,14.4021,0,0,-0.999719,0.0236856
23.1007,14.394,0,0,-0.999745,0.0225656
22.966,14.3954,0,0,-0.999794,0.0203038
22.854,14.3987,0,0,-0.999852,0.0171827
22.6293,14.4116,0,0,-0.999824,0.0187547
22.4822,14.4081,0,0,-0.999861,0.0166489
22.3253,14.3886,0,0,-0.999882,0.0153853
22.1376,14.3996,0,0,-0.999828,0.0185196
21.9896,14.4102,0,0,-0.999824,0.0187629
21.8546,14.3823,0,0,-0.999837,0.018074
21.6567,14.3772,0,0,-0.999776,0.021146
21.536,14.3742,0,0,-0.999742,0.0227251
21.3672,14.3594,0,0,-0.999656,0.0262189
21.1726,14.3601,0,0,-0.999551,0.0299764
21.0888,14.3244,0,0,-0.999478,0.0323119
20.8502,14.3121,0,0,-0.999161,0.0409626
20.7299,14.2958,0,0,-0.999063,0.0432826
20.5466,14.2754,0,0,-0.998853,0.0478895
20.4005,14.2652,0,0,-0.998722,0.0505367
20.2216,14.2349,0,0,-0.998467,0.0553499
20.1146,14.2159,0,0,-0.998199,0.0599975
19.9795,14.1942,0,0,-0.998011,0.0630422
19.8675,14.1648,0,0,-0.997536,0.0701531
19.6998,14.1475,0,0,-0.99724,0.0742396
19.5221,14.115,0,0,-0.99693,0.0782946
19.3671,14.084,0,0,-0.996625,0.0820864
19.2258,14.0494,0,0,-0.996257,0.0864447
19.193,14.0149,0,0,-0.995892,0.0905453
19.1511,14.0399,0,0,-0.995925,0.0901805
19.0499,14.0039,0,0,-0.995411,0.095687
18.9545,13.9809,0,0,-0.995104,0.0988307
18.8687,13.9727,0,0,-0.994782,0.102019
18.775,13.9408,0,0,-0.994437,0.105331
18.7123,13.9099,0,0,-0.994145,0.10805
18.6644,13.8853,0,0,-0.99375,0.111629
18.5968,13.8448,0,0,-0.993348,0.115147
18.5929,13.8345,0,0,-0.993044,0.117746
18.3286,13.8202,0,0,-0.992825,0.119577
18.2804,13.7844,0,0,-0.99246,0.122571
18.2218,13.7951,0,0,-0.992324,0.123663
18.2783,13.7768,0,0,-0.992348,0.123469
18.2421,13.7415,0,0,-0.991799,0.127807
18.1283,13.739,0,0,-0.991501,0.1301
18.1763,13.7407,0,0,-0.991532,0.129864
18.1555,13.7043,0,0,-0.991285,0.131737
18.2467,13.7337,0,0,-0.991455,0.130449
18.1791,13.7146,0,0,-0.991111,0.133037
18.0473,13.672,0,0,-0.990776,0.135512
18.0629,13.7002,0,0,-0.991,0.133861
17.9915,13.699,0,0,-0.990714,0.13596
18.0498,13.6909,0,0,-0.990885,0.134711
17.9673,13.6774,0,0,-0.990282,0.139075
17.9396,13.6689,0,0,-0.990194,0.139699
18.081,13.6989,0,0,-0.990859,0.134901
18.0453,13.6858,0,0,-0.990386,0.138328
18.0259,13.6884,0,0,-0.990398,0.138249
17.9106,13.6675,0,0,-0.990044,0.140758
17.9279,13.6613,0,0,-0.989857,0.142064
17.9535,13.6669,0,0,-0.990021,0.140922
17.899,13.6464,0,0,-0.989692,0.143212
17.8786,13.6429,0,0,-0.989449,0.144879
17.8471,13.6302,0,0,-0.989426,0.145038
17.8448,13.6202,0,0,-0.989229,0.146374
17.7046,13.5762,0,0,-0.988792,0.149298
17.6919,13.5583,0,0,-0.9884,0.15187
17.6369,13.5265,0,0,-0.988083,0.15392
17.6951,13.5367,0,0,-0.988192,0.153222
17.5906,13.5014,0,0,-0.987463,0.157853
17.5461,13.4586,0,0,-0.986647,0.162871
17.5193,13.4275,0,0,-0.986007,0.166704
17.5407,13.4215,0,0,-0.985751,0.168211
17.4292,13.3841,0,0,-0.984671,0.174424
17.3598,13.3444,0,0,-0.984262,0.176717
17.274,13.3194,0,0,-0.983589,0.180421
17.1949,13.2898,0,0,-0.982759,0.18489
17.0903,13.2222,0,0,-0.981552,0.191197
17.0186,13.1831,0,0,-0.980424,0.1969
16.9189,13.1527,0,0,-0.97889,0.204389
16.8627,13.0876,0,0,-0.977505,0.210914
16.74,13.0321,0,0,-0.976008,0.217736
16.6422,12.9681,0,0,-0.974424,0.224717
16.5508,12.8916,0,0,-0.972625,0.232379
16.4632,12.7937,0,0,-0.970503,0.241088
16.522,12.7245,0,0,-0.969097,0.246679
16.2802,12.6457,0,0,-0.966248,0.257613
16.2654,12.5437,0,0,-0.964186,0.265227
16.184,12.441,0,0,-0.960763,0.277369
16.1031,12.3585,0,0,-0.958334,0.285651
16.1502,12.2244,0,0,-0.955143,0.296146
15.9997,12.0562,0,0,-0.952627,0.304142
15.9128,11.9843,0,0,-0.949052,0.315119
15.767,11.8293,0,0,-0.945966,0.324267
15.648,11.6841,0,0,-0.941971,0.335696
15.5825,11.5732,0,0,-0.938074,0.346436
15.4911,11.4641,0,0,-0.933505,0.358565
15.2999,11.2865,0,0,-0.928802,0.370577
15.2432,11.149,0,0,-0.923948,0.382518
15.1151,11.0031,0,0,-0.919599,0.39286
15.051,10.8337,0,0,-0.91397,0.405783
14.9862,10.6765,0,0,-0.90856,0.417754
14.8473,10.5255,0,0,-0.90183,0.432091
14.7929,10.3506,0,0,-0.895822,0.444412
14.7325,10.1816,0,0,-0.889605,0.456731
14.6711,10.0315,0,0,-0.882747,0.469849
14.6095,9.8812,0,0,-0.876616,0.48119
14.5239,9.69431,0,0,-0.868366,0.495923
14.5028,9.54263,0,0,-0.862075,0.50678
14.4214,9.34567,0,0,-0.854199,0.519946
14.3914,9.17838,0,0,-0.847041,0.531528
14.3714,9.02887,0,0,-0.8397,0.54305
14.3214,8.83405,0,0,-0.831914,0.554905
14.2754,8.66101,0,0,-0.823708,0.567015
14.2365,8.47656,0,0,-0.816554,0.577269
14.2156,8.28876,0,0,-0.808329,0.588731
14.1702,8.15106,0,0,-0.799146,0.601138
14.158,7.95319,0,0,-0.791141,0.611634
14.1772,7.79437,0,0,-0.785919,0.618329
14.1368,7.63068,0,0,-0.778849,0.627211
14.1464,7.45804,0,0,-0.772876,0.634557
14.1205,7.27747,0,0,-0.76741,0.641157
14.1109,7.1394,0,0,-0.762354,0.64716
14.1005,6.96786,0,0,-0.757398,0.652954
14.104,6.83786,0,0,-0.753908,0.65698
14.1719,6.68472,0,0,-0.75241,0.658695
14.1607,6.57889,0,0,-0.749689,0.661791
14.1434,6.46454,0,0,-0.74646,0.665431
14.144,6.34668,0,0,-0.743708,0.668505
14.1292,6.23239,0,0,-0.740124,0.67247
14.1223,6.10251,0,0,-0.738451,0.674307
14.1353,5.98929,0,0,-0.737359,0.675502
14.1416,5.84787,0,0,-0.73546,0.677568
14.1613,5.71764,0,0,-0.735584,0.677433
14.1397,5.56226,0,0,-0.733147,0.68007
14.1261,5.43976,0,0,-0.732537,0.680728
14.1113,5.3195,0,0,-0.732624,0.680633
14.114,5.20976,0,0,-0.732377,0.6809
14.087,5.08066,0,0,-0.731725,0.6816
14.0798,4.95129,0,0,-0.731949,0.681359
14.0703,4.81387,0,0,-0.733318,0.679886
14.0739,4.71831,0,0,-0.735666,0.677345
14.0286,4.56522,0,0,-0.734933,0.67814
14.0145,4.43216,0,0,-0.735879,0.677113
13.9689,4.30183,0,0,-0.738349,0.674418
13.9322,4.16048,0,0,-0.740212,0.672374
13.8641,4.05356,0,0,-0.743508,0.668727
13.8133,3.92303,0,0,-0.746756,0.665098
13.7891,3.8064,0,0,-0.751136,0.660147
13.7521,3.62604,0,0,-0.753847,0.65705
13.6968,3.52768,0,0,-0.758562,0.651601
13.6719,3.34775,0,0,-0.762712,0.646738
13.6012,3.25258,0,0,-0.768491,0.639861
13.5799,3.0717,0,0,-0.771781,0.635889
13.5322,2.93475,0,0,-0.777256,0.629184
13.4771,2.76746,0,0,-0.7828,0.622274
13.4106,2.70161,0,0,-0.790232,0.612808
13.3521,2.58208,0,0,-0.797523,0.603289
13.2702,2.46202,0,0,-0.804216,0.594337
13.2067,2.27798,0,0,-0.80873,0.588181
13.1122,2.14778,0,0,-0.814898,0.579604
13.0233,2.02824,0,0,-0.822648,0.568551
12.9541,1.89909,0,0,-0.829641,0.558297
12.8264,1.75067,0,0,-0.836002,0.548726
12.7304,1.59935,0,0,-0.841873,0.539675
12.6205,1.51743,0,0,-0.849982,0.526812
12.5282,1.39116,0,0,-0.856592,0.515994
12.4479,1.25909,0,0,-0.864239,0.503082
12.3298,1.09708,0,0,-0.870395,0.492354
12.2136,1.05647,0,0,-0.878763,0.477258
12.0651,0.932678,0,0,-0.885852,0.463967
11.9359,0.821396,0,0,-0.892359,0.451327
11.7908,0.705338,0,0,-0.899217,0.437504
11.6447,0.612823,0,0,-0.905963,0.423357
11.4762,0.518921,0,0,-0.912146,0.409865
11.3379,0.423889,0,0,-0.918487,0.395451
11.1669,0.297867,0,0,-0.924221,0.381858
11.0141,0.202759,0,0,-0.930377,0.366603
10.8489,0.10257,0,0,-0.935604,0.353052
10.678,0.0188599,0,0,-0.940986,0.338445
10.5269,-0.0573273,0,0,-0.946179,0.323645
10.336,-0.143402,0,0,-0.950729,0.310024
10.1458,-0.145508,0,0,-0.955337,0.29552
9.98114,-0.24118,0,0,-0.959945,0.280188
9.83813,-0.356888,0,0,-0.964251,0.26499
9.64355,-0.400299,0,0,-0.968357,0.249567
9.46951,-0.445999,0,0,-0.972499,0.232906
9.29456,-0.463074,0,0,-0.975596,0.219572
9.11884,-0.49971,0,0,-0.979111,0.203324
8.95718,-0.53479,0,0,-0.982039,0.188677
8.79547,-0.558441,0,0,-0.984488,0.175451
8.62015,-0.611771,0,0,-0.986853,0.161618
8.46463,-0.658417,0,0,-0.98896,0.148186
8.2767,-0.719009,0,0,-0.99108,0.133268
8.08557,-0.701797,0,0,-0.99287,0.119205
7.91937,-0.739349,0,0,-0.994522,0.104524
7.72775,-0.757477,0,0,-0.995873,0.0907529
7.55603,-0.741547,0,0,-0.996988,0.0775541
7.35904,-0.730118,0,0,-0.998032,0.0626998
7.18729,-0.696014,0,0,-0.998714,0.0507053
6.991,-0.70578,0,0,-0.99918,0.0404845
6.83994,-0.715332,0,0,-0.999505,0.031474
6.67191,-0.702271,0,0,-0.99975,0.0223776
6.52664,-0.650497,0,0,-0.999851,0.017285
6.35727,-0.671371,0,0,-0.999959,0.0090595
6.19662,-0.628632,0,0,-0.999997,0.00235076
6.01761,-0.666565,0,0,0.999998,0.00193055
5.8423,-0.634766,0,0,0.99997,0.00774169
5.67894,-0.616272,0,0,0.999933,0.0116176
5.50446,-0.609375,0,0,0.999857,0.0169024
5.33418,-0.586502,0,0,0.999843,0.0177039
5.15268,-0.576996,0,0,0.999798,0.0200919
4.98813,-0.565002,0,0,0.999755,0.0221253
4.81319,-0.526917,0,0,0.999776,0.0211879
4.61478,-0.547211,0,0,0.999771,0.0213854
4.43442,-0.535751,0,0,0.999776,0.0211862
4.26199,-0.527405,0,0,0.999772,0.021356
4.0997,-0.528809,0,0,0.999768,0.0215309
3.92058,-0.504684,0,0,0.999771,0.0213821
3.75684,-0.522949,0,0,0.999759,0.0219495
3.56055,-0.479202,0,0,0.999779,0.0210177
3.38522,-0.488586,0,0,0.999782,0.020889
3.20403,-0.484299,0,0,0.999789,0.020531
3.04262,-0.488403,0,0,0.999803,0.01984
2.86076,-0.476791,0,0,0.999786,0.0206982
2.69389,-0.481003,0,0,0.999837,0.0180485
2.54495,-0.480484,0,0,0.999833,0.0182716
2.38068,-0.469162,0,0,0.999862,0.0166356
2.21216,-0.463287,0,0,0.999865,0.0164583
2.04712,-0.477829,0,0,0.999852,0.0171966
1.90846,-0.454468,0,0,0.999856,0.016967
1.74281,-0.451141,0,0,0.999845,0.0176315
1.57576,-0.435684,0,0,0.99986,0.0167514
1.42529,-0.445984,0,0,0.999874,0.0158523
1.28194,-0.418716,0,0,0.999873,0.0159475
1.13695,-0.416977,0,0,0.999872,0.0160098
0.995895,-0.424225,0,0,0.999881,0.0154319
0.844208,-0.414169,0,0,0.99986,0.0167241
0.730576,-0.399353,0,0,0.999853,0.0171648
0.603256,-0.397354,0,0,0.99987,0.0161307
0.480026,-0.386536,0,0,0.999851,0.0172504
0.373795,-0.375122,0,0,0.999871,0.0160905
0.29126,-0.378006,0,0,0.999856,0.0169612
0.199387,-0.375412,0,0,0.999859,0.0168023
0.122147,-0.371262,0,0,0.999862,0.0166086
0.0577698,-0.364578,0,0,0.999865,0.0164383
0.00370789,-0.352676,0,0,0.999862,0.016606
-0.0599518,-0.347382,0,0,0.999858,0.0168276
-0.108963,-0.356354,0,0,0.999871,0.016057
-0.143463,-0.354752,0,0,0.999859,0.0167704
-0.182541,-0.355911,0,0,0.999857,0.0168865
-0.203796,-0.354782,0,0,0.999869,0.0162098
-0.231644,-0.356476,0,0,0.999882,0.0153481
-0.238434,-0.348022,0,0,0.999889,0.0148658
-0.252884,-0.346451,0,0,0.999875,0.0157941
-0.259094,-0.352631,0,0,0.999887,0.0150394
-0.265121,-0.353561,0,0,0.999875,0.0157968
-0.267242,-0.354202,0,0,0.999877,0.0156626
-0.268387,-0.356186,0,0,0.999882,0.015352
-0.26503,-0.346741,0,0,0.999874,0.0158598
-0.26297,-0.354706,0,0,0.999881,0.0154138
-0.269974,-0.349182,0,0,0.999875,0.0157933
-0.264023,-0.35582,0,0,0.999883,0.0152947
-0.270218,-0.35437,0,0,0.999884,0.0152412
-0.26767,-0.35141,0,0,0.999883,0.0152771
-0.266632,-0.356186,0,0,0.999878,0.0156458
-0.267166,-0.3629,0,0,0.999883,0.0153009
-0.268814,-0.349762,0,0,0.999876,0.0157657
-0.266815,-0.35759,0,0,0.999882,0.0153617
-0.264587,-0.35881,0,0,0.999884,0.0152207
-0.266449,-0.357498,0,0,0.999883,0.0153152
-0.262405,-0.354843,0,0,0.999881,0.0154329
-0.26561,-0.354828,0,0,0.999875,0.0158228
-0.271011,-0.351303,0,0,0.999874,0.0159012
-0.264008,-0.358154,0,0,0.999886,0.0150859
-0.266663,-0.35434,0,0,0.999878,0.0156176
-0.266022,-0.359024,0,0,0.999886,0.0150898
-0.267044,-0.35527,0,0,0.999885,0.0151754
-0.264603,-0.357086,0,0,0.999882,0.0153471
